{
 "cells": [
  {
   "cell_type": "markdown",
   "id": "7cfe9ef3",
   "metadata": {},
   "source": [
    "# Más Numpy y Scipy"
   ]
  },
  {
   "cell_type": "markdown",
   "id": "ecb2842f",
   "metadata": {},
   "source": [
    "## Importación de bibliotecas"
   ]
  },
  {
   "cell_type": "code",
   "execution_count": 76,
   "id": "095c8f28",
   "metadata": {},
   "outputs": [],
   "source": [
    "import numpy as np\n",
    "from scipy import linalg"
   ]
  },
  {
   "cell_type": "markdown",
   "id": "98d68d16",
   "metadata": {},
   "source": [
    "## Funciones de agregación"
   ]
  },
  {
   "cell_type": "markdown",
   "id": "60a7e899",
   "metadata": {},
   "source": [
    "### Sumatoria"
   ]
  },
  {
   "cell_type": "code",
   "execution_count": 77,
   "id": "f6156289",
   "metadata": {},
   "outputs": [
    {
     "data": {
      "text/plain": [
       "array([[  1.,   2.,   3.,   4.],\n",
       "       [  5.,   6.,   7.,   8.],\n",
       "       [  9.,  10.,  11.,  12.],\n",
       "       [ 13.,  14.,  15.,  16.],\n",
       "       [ 17.,  18.,  19.,  20.],\n",
       "       [ 21.,  22.,  23.,  24.],\n",
       "       [ 25.,  26.,  27.,  28.],\n",
       "       [ 29.,  30.,  31.,  32.],\n",
       "       [ 33.,  34.,  35.,  36.],\n",
       "       [ 37.,  38.,  39.,  40.],\n",
       "       [ 41.,  42.,  43.,  44.],\n",
       "       [ 45.,  46.,  47.,  48.],\n",
       "       [ 49.,  50.,  51.,  52.],\n",
       "       [ 53.,  54.,  55.,  56.],\n",
       "       [ 57.,  58.,  59.,  60.],\n",
       "       [ 61.,  62.,  63.,  64.],\n",
       "       [ 65.,  66.,  67.,  68.],\n",
       "       [ 69.,  70.,  71.,  72.],\n",
       "       [ 73.,  74.,  75.,  76.],\n",
       "       [ 77.,  78.,  79.,  80.],\n",
       "       [ 81.,  82.,  83.,  84.],\n",
       "       [ 85.,  86.,  87.,  88.],\n",
       "       [ 89.,  90.,  91.,  92.],\n",
       "       [ 93.,  94.,  95.,  96.],\n",
       "       [ 97.,  98.,  99., 100.]])"
      ]
     },
     "execution_count": 77,
     "metadata": {},
     "output_type": "execute_result"
    }
   ],
   "source": [
    "a = np.linspace(1, 100, 100).reshape((25, 4))\n",
    "a"
   ]
  },
  {
   "cell_type": "code",
   "execution_count": 78,
   "id": "f5343613",
   "metadata": {},
   "outputs": [
    {
     "data": {
      "text/plain": [
       "np.float64(5050.0)"
      ]
     },
     "execution_count": 78,
     "metadata": {},
     "output_type": "execute_result"
    }
   ],
   "source": [
    "a.sum()"
   ]
  },
  {
   "cell_type": "code",
   "execution_count": 79,
   "id": "e93f9ed6",
   "metadata": {},
   "outputs": [
    {
     "data": {
      "text/plain": [
       "array([1225., 1250., 1275., 1300.])"
      ]
     },
     "execution_count": 79,
     "metadata": {},
     "output_type": "execute_result"
    }
   ],
   "source": [
    "a.sum(axis = 0)"
   ]
  },
  {
   "cell_type": "code",
   "execution_count": 80,
   "id": "221ae79e",
   "metadata": {},
   "outputs": [
    {
     "data": {
      "text/plain": [
       "array([ 10.,  26.,  42.,  58.,  74.,  90., 106., 122., 138., 154., 170.,\n",
       "       186., 202., 218., 234., 250., 266., 282., 298., 314., 330., 346.,\n",
       "       362., 378., 394.])"
      ]
     },
     "execution_count": 80,
     "metadata": {},
     "output_type": "execute_result"
    }
   ],
   "source": [
    "a.sum(axis = 1)"
   ]
  },
  {
   "cell_type": "markdown",
   "id": "9475f3b3",
   "metadata": {},
   "source": [
    "### Promedio"
   ]
  },
  {
   "cell_type": "code",
   "execution_count": 81,
   "id": "def1a5f3",
   "metadata": {},
   "outputs": [
    {
     "data": {
      "text/plain": [
       "np.float64(50.5)"
      ]
     },
     "execution_count": 81,
     "metadata": {},
     "output_type": "execute_result"
    }
   ],
   "source": [
    "a.mean()"
   ]
  },
  {
   "cell_type": "code",
   "execution_count": 82,
   "id": "f10f4f9e",
   "metadata": {},
   "outputs": [
    {
     "data": {
      "text/plain": [
       "array([49., 50., 51., 52.])"
      ]
     },
     "execution_count": 82,
     "metadata": {},
     "output_type": "execute_result"
    }
   ],
   "source": [
    "a.mean(axis = 0)"
   ]
  },
  {
   "cell_type": "code",
   "execution_count": 83,
   "id": "13cabb10",
   "metadata": {},
   "outputs": [
    {
     "data": {
      "text/plain": [
       "array([ 2.5,  6.5, 10.5, 14.5, 18.5, 22.5, 26.5, 30.5, 34.5, 38.5, 42.5,\n",
       "       46.5, 50.5, 54.5, 58.5, 62.5, 66.5, 70.5, 74.5, 78.5, 82.5, 86.5,\n",
       "       90.5, 94.5, 98.5])"
      ]
     },
     "execution_count": 83,
     "metadata": {},
     "output_type": "execute_result"
    }
   ],
   "source": [
    "a.mean(axis = 1)"
   ]
  },
  {
   "cell_type": "markdown",
   "id": "9ce299da",
   "metadata": {},
   "source": [
    "### Desviación estándar"
   ]
  },
  {
   "cell_type": "code",
   "execution_count": 84,
   "id": "000b6c71",
   "metadata": {},
   "outputs": [
    {
     "data": {
      "text/plain": [
       "np.float64(28.86607004772212)"
      ]
     },
     "execution_count": 84,
     "metadata": {},
     "output_type": "execute_result"
    }
   ],
   "source": [
    "a.std()"
   ]
  },
  {
   "cell_type": "code",
   "execution_count": 85,
   "id": "b490bac4",
   "metadata": {},
   "outputs": [
    {
     "data": {
      "text/plain": [
       "array([28.8444102, 28.8444102, 28.8444102, 28.8444102])"
      ]
     },
     "execution_count": 85,
     "metadata": {},
     "output_type": "execute_result"
    }
   ],
   "source": [
    "a.std(axis = 0)"
   ]
  },
  {
   "cell_type": "code",
   "execution_count": 86,
   "id": "775301a6",
   "metadata": {},
   "outputs": [
    {
     "data": {
      "text/plain": [
       "array([1.11803399, 1.11803399, 1.11803399, 1.11803399, 1.11803399,\n",
       "       1.11803399, 1.11803399, 1.11803399, 1.11803399, 1.11803399,\n",
       "       1.11803399, 1.11803399, 1.11803399, 1.11803399, 1.11803399,\n",
       "       1.11803399, 1.11803399, 1.11803399, 1.11803399, 1.11803399,\n",
       "       1.11803399, 1.11803399, 1.11803399, 1.11803399, 1.11803399])"
      ]
     },
     "execution_count": 86,
     "metadata": {},
     "output_type": "execute_result"
    }
   ],
   "source": [
    "a.std(axis = 1)"
   ]
  },
  {
   "cell_type": "markdown",
   "id": "9ebc637d",
   "metadata": {},
   "source": [
    "### Varianza"
   ]
  },
  {
   "cell_type": "code",
   "execution_count": 87,
   "id": "12860be7",
   "metadata": {},
   "outputs": [
    {
     "data": {
      "text/plain": [
       "np.float64(833.25)"
      ]
     },
     "execution_count": 87,
     "metadata": {},
     "output_type": "execute_result"
    }
   ],
   "source": [
    "a.var()"
   ]
  },
  {
   "cell_type": "code",
   "execution_count": 88,
   "id": "62f5d38b",
   "metadata": {},
   "outputs": [
    {
     "data": {
      "text/plain": [
       "array([832., 832., 832., 832.])"
      ]
     },
     "execution_count": 88,
     "metadata": {},
     "output_type": "execute_result"
    }
   ],
   "source": [
    "a.var(axis = 0)"
   ]
  },
  {
   "cell_type": "code",
   "execution_count": 89,
   "id": "a342ccd7",
   "metadata": {},
   "outputs": [
    {
     "data": {
      "text/plain": [
       "array([1.25, 1.25, 1.25, 1.25, 1.25, 1.25, 1.25, 1.25, 1.25, 1.25, 1.25,\n",
       "       1.25, 1.25, 1.25, 1.25, 1.25, 1.25, 1.25, 1.25, 1.25, 1.25, 1.25,\n",
       "       1.25, 1.25, 1.25])"
      ]
     },
     "execution_count": 89,
     "metadata": {},
     "output_type": "execute_result"
    }
   ],
   "source": [
    "a.var(axis = 1)"
   ]
  },
  {
   "cell_type": "markdown",
   "id": "e275e9ea",
   "metadata": {},
   "source": [
    "### Valor máximo"
   ]
  },
  {
   "cell_type": "code",
   "execution_count": 90,
   "id": "f6f40222",
   "metadata": {},
   "outputs": [
    {
     "data": {
      "text/plain": [
       "array([[-1.75558083, -0.27351928, -1.72862712,  0.32444764],\n",
       "       [-0.63132058,  0.89430148,  1.71581865, -0.1632551 ],\n",
       "       [-1.03115481,  0.28632136,  1.904781  ,  0.84492259],\n",
       "       [ 0.43020563,  1.11711491,  0.1456443 , -0.86753247],\n",
       "       [ 0.97764269, -2.73737637, -0.69087206,  0.42085498],\n",
       "       [-0.42379359,  0.25967385,  0.12673989,  1.68367899],\n",
       "       [-1.02680203, -1.69962542, -0.7458462 , -1.3409285 ],\n",
       "       [ 0.94127207, -1.36794295,  1.11810558, -0.03439715],\n",
       "       [-0.54488604, -0.06052687, -1.52896324, -1.83845848],\n",
       "       [-0.90617184,  0.40343476,  1.44942608,  0.28398745],\n",
       "       [ 0.20576736,  1.7712903 ,  1.19103163, -0.76903993],\n",
       "       [-0.63459474,  0.55876575, -0.16591259,  0.980544  ],\n",
       "       [ 1.01779049,  0.42704467,  1.43793811, -2.3001932 ],\n",
       "       [-2.63335977,  0.20269687, -0.94202067,  0.44836963],\n",
       "       [ 1.28820752, -0.49308005, -0.25557966,  0.01953921],\n",
       "       [-0.96138974,  0.90267632, -0.08166709, -0.60013995],\n",
       "       [-0.01872124,  0.59379269, -0.52314436,  1.55177992],\n",
       "       [ 0.56622663, -1.24179828, -1.17913308,  1.1122411 ],\n",
       "       [-1.38539053,  0.91847919,  0.287119  ,  1.02460753],\n",
       "       [-0.06745456, -0.81999786, -0.99146226,  0.81493176],\n",
       "       [-1.61923389,  0.28816047,  0.06777162,  0.66455027],\n",
       "       [ 1.43808695,  0.66603638,  0.02302814, -0.67951152],\n",
       "       [-0.88886426, -1.22212284,  0.22648709,  0.91665286],\n",
       "       [ 0.48144067,  0.29931771,  1.39694762,  0.87327687],\n",
       "       [ 0.98620581,  1.10572058,  0.59957811,  0.43751411]])"
      ]
     },
     "execution_count": 90,
     "metadata": {},
     "output_type": "execute_result"
    }
   ],
   "source": [
    "b = np.random.normal(0, 1, 100).reshape((25, 4))\n",
    "b"
   ]
  },
  {
   "cell_type": "code",
   "execution_count": 91,
   "id": "5fc2ae26",
   "metadata": {},
   "outputs": [
    {
     "data": {
      "text/plain": [
       "np.float64(1.9047809998590703)"
      ]
     },
     "execution_count": 91,
     "metadata": {},
     "output_type": "execute_result"
    }
   ],
   "source": [
    "b.max()"
   ]
  },
  {
   "cell_type": "code",
   "execution_count": 92,
   "id": "6c30e860",
   "metadata": {},
   "outputs": [
    {
     "data": {
      "text/plain": [
       "array([1.43808695, 1.7712903 , 1.904781  , 1.68367899])"
      ]
     },
     "execution_count": 92,
     "metadata": {},
     "output_type": "execute_result"
    }
   ],
   "source": [
    "b.max(axis = 0)"
   ]
  },
  {
   "cell_type": "code",
   "execution_count": 93,
   "id": "86a66faf",
   "metadata": {},
   "outputs": [
    {
     "data": {
      "text/plain": [
       "array([ 0.32444764,  1.71581865,  1.904781  ,  1.11711491,  0.97764269,\n",
       "        1.68367899, -0.7458462 ,  1.11810558, -0.06052687,  1.44942608,\n",
       "        1.7712903 ,  0.980544  ,  1.43793811,  0.44836963,  1.28820752,\n",
       "        0.90267632,  1.55177992,  1.1122411 ,  1.02460753,  0.81493176,\n",
       "        0.66455027,  1.43808695,  0.91665286,  1.39694762,  1.10572058])"
      ]
     },
     "execution_count": 93,
     "metadata": {},
     "output_type": "execute_result"
    }
   ],
   "source": [
    "b.max(axis = 1)"
   ]
  },
  {
   "cell_type": "markdown",
   "id": "77ad27a2",
   "metadata": {},
   "source": [
    "### Valor mínimo"
   ]
  },
  {
   "cell_type": "code",
   "execution_count": 94,
   "id": "42a35c85",
   "metadata": {},
   "outputs": [
    {
     "data": {
      "text/plain": [
       "np.float64(-2.737376374223853)"
      ]
     },
     "execution_count": 94,
     "metadata": {},
     "output_type": "execute_result"
    }
   ],
   "source": [
    "b.min()"
   ]
  },
  {
   "cell_type": "code",
   "execution_count": 95,
   "id": "1cebb548",
   "metadata": {},
   "outputs": [
    {
     "data": {
      "text/plain": [
       "array([-2.63335977, -2.73737637, -1.72862712, -2.3001932 ])"
      ]
     },
     "execution_count": 95,
     "metadata": {},
     "output_type": "execute_result"
    }
   ],
   "source": [
    "b.min(axis = 0)"
   ]
  },
  {
   "cell_type": "code",
   "execution_count": 96,
   "id": "6131c9af",
   "metadata": {},
   "outputs": [
    {
     "data": {
      "text/plain": [
       "array([-1.75558083, -0.63132058, -1.03115481, -0.86753247, -2.73737637,\n",
       "       -0.42379359, -1.69962542, -1.36794295, -1.83845848, -0.90617184,\n",
       "       -0.76903993, -0.63459474, -2.3001932 , -2.63335977, -0.49308005,\n",
       "       -0.96138974, -0.52314436, -1.24179828, -1.38539053, -0.99146226,\n",
       "       -1.61923389, -0.67951152, -1.22212284,  0.29931771,  0.43751411])"
      ]
     },
     "execution_count": 96,
     "metadata": {},
     "output_type": "execute_result"
    }
   ],
   "source": [
    "b.min(axis = 1)"
   ]
  },
  {
   "cell_type": "markdown",
   "id": "08269fff",
   "metadata": {},
   "source": [
    "## Ordenar un arreglo"
   ]
  },
  {
   "cell_type": "code",
   "execution_count": 97,
   "id": "376a3b94",
   "metadata": {},
   "outputs": [
    {
     "data": {
      "text/plain": [
       "array([-1.75558083, -0.27351928, -1.72862712,  0.32444764, -0.63132058,\n",
       "        0.89430148,  1.71581865, -0.1632551 , -1.03115481,  0.28632136,\n",
       "        1.904781  ,  0.84492259,  0.43020563,  1.11711491,  0.1456443 ,\n",
       "       -0.86753247,  0.97764269, -2.73737637, -0.69087206,  0.42085498,\n",
       "       -0.42379359,  0.25967385,  0.12673989,  1.68367899, -1.02680203,\n",
       "       -1.69962542, -0.7458462 , -1.3409285 ,  0.94127207, -1.36794295,\n",
       "        1.11810558, -0.03439715, -0.54488604, -0.06052687, -1.52896324,\n",
       "       -1.83845848, -0.90617184,  0.40343476,  1.44942608,  0.28398745,\n",
       "        0.20576736,  1.7712903 ,  1.19103163, -0.76903993, -0.63459474,\n",
       "        0.55876575, -0.16591259,  0.980544  ,  1.01779049,  0.42704467,\n",
       "        1.43793811, -2.3001932 , -2.63335977,  0.20269687, -0.94202067,\n",
       "        0.44836963,  1.28820752, -0.49308005, -0.25557966,  0.01953921,\n",
       "       -0.96138974,  0.90267632, -0.08166709, -0.60013995, -0.01872124,\n",
       "        0.59379269, -0.52314436,  1.55177992,  0.56622663, -1.24179828,\n",
       "       -1.17913308,  1.1122411 , -1.38539053,  0.91847919,  0.287119  ,\n",
       "        1.02460753, -0.06745456, -0.81999786, -0.99146226,  0.81493176,\n",
       "       -1.61923389,  0.28816047,  0.06777162,  0.66455027,  1.43808695,\n",
       "        0.66603638,  0.02302814, -0.67951152, -0.88886426, -1.22212284,\n",
       "        0.22648709,  0.91665286,  0.48144067,  0.29931771,  1.39694762,\n",
       "        0.87327687,  0.98620581,  1.10572058,  0.59957811,  0.43751411])"
      ]
     },
     "execution_count": 97,
     "metadata": {},
     "output_type": "execute_result"
    }
   ],
   "source": [
    "b.ravel()"
   ]
  },
  {
   "cell_type": "code",
   "execution_count": 98,
   "id": "62a6937a",
   "metadata": {},
   "outputs": [
    {
     "data": {
      "text/plain": [
       "array([-2.73737637, -2.63335977, -2.3001932 , -1.83845848, -1.75558083,\n",
       "       -1.72862712, -1.69962542, -1.61923389, -1.52896324, -1.38539053,\n",
       "       -1.36794295, -1.3409285 , -1.24179828, -1.22212284, -1.17913308,\n",
       "       -1.03115481, -1.02680203, -0.99146226, -0.96138974, -0.94202067,\n",
       "       -0.90617184, -0.88886426, -0.86753247, -0.81999786, -0.76903993,\n",
       "       -0.7458462 , -0.69087206, -0.67951152, -0.63459474, -0.63132058,\n",
       "       -0.60013995, -0.54488604, -0.52314436, -0.49308005, -0.42379359,\n",
       "       -0.27351928, -0.25557966, -0.16591259, -0.1632551 , -0.08166709,\n",
       "       -0.06745456, -0.06052687, -0.03439715, -0.01872124,  0.01953921,\n",
       "        0.02302814,  0.06777162,  0.12673989,  0.1456443 ,  0.20269687,\n",
       "        0.20576736,  0.22648709,  0.25967385,  0.28398745,  0.28632136,\n",
       "        0.287119  ,  0.28816047,  0.29931771,  0.32444764,  0.40343476,\n",
       "        0.42085498,  0.42704467,  0.43020563,  0.43751411,  0.44836963,\n",
       "        0.48144067,  0.55876575,  0.56622663,  0.59379269,  0.59957811,\n",
       "        0.66455027,  0.66603638,  0.81493176,  0.84492259,  0.87327687,\n",
       "        0.89430148,  0.90267632,  0.91665286,  0.91847919,  0.94127207,\n",
       "        0.97764269,  0.980544  ,  0.98620581,  1.01779049,  1.02460753,\n",
       "        1.10572058,  1.1122411 ,  1.11711491,  1.11810558,  1.19103163,\n",
       "        1.28820752,  1.39694762,  1.43793811,  1.43808695,  1.44942608,\n",
       "        1.55177992,  1.68367899,  1.71581865,  1.7712903 ,  1.904781  ])"
      ]
     },
     "execution_count": 98,
     "metadata": {},
     "output_type": "execute_result"
    }
   ],
   "source": [
    "np.sort(b.ravel())"
   ]
  },
  {
   "cell_type": "code",
   "execution_count": 99,
   "id": "5e344968",
   "metadata": {},
   "outputs": [
    {
     "data": {
      "text/plain": [
       "array([[-2.63335977, -2.73737637, -1.72862712, -2.3001932 ],\n",
       "       [-1.75558083, -1.69962542, -1.52896324, -1.83845848],\n",
       "       [-1.61923389, -1.36794295, -1.17913308, -1.3409285 ],\n",
       "       [-1.38539053, -1.24179828, -0.99146226, -0.86753247],\n",
       "       [-1.03115481, -1.22212284, -0.94202067, -0.76903993],\n",
       "       [-1.02680203, -0.81999786, -0.7458462 , -0.67951152],\n",
       "       [-0.96138974, -0.49308005, -0.69087206, -0.60013995],\n",
       "       [-0.90617184, -0.27351928, -0.52314436, -0.1632551 ],\n",
       "       [-0.88886426, -0.06052687, -0.25557966, -0.03439715],\n",
       "       [-0.63459474,  0.20269687, -0.16591259,  0.01953921],\n",
       "       [-0.63132058,  0.25967385, -0.08166709,  0.28398745],\n",
       "       [-0.54488604,  0.28632136,  0.02302814,  0.32444764],\n",
       "       [-0.42379359,  0.28816047,  0.06777162,  0.42085498],\n",
       "       [-0.06745456,  0.29931771,  0.12673989,  0.43751411],\n",
       "       [-0.01872124,  0.40343476,  0.1456443 ,  0.44836963],\n",
       "       [ 0.20576736,  0.42704467,  0.22648709,  0.66455027],\n",
       "       [ 0.43020563,  0.55876575,  0.287119  ,  0.81493176],\n",
       "       [ 0.48144067,  0.59379269,  0.59957811,  0.84492259],\n",
       "       [ 0.56622663,  0.66603638,  1.11810558,  0.87327687],\n",
       "       [ 0.94127207,  0.89430148,  1.19103163,  0.91665286],\n",
       "       [ 0.97764269,  0.90267632,  1.39694762,  0.980544  ],\n",
       "       [ 0.98620581,  0.91847919,  1.43793811,  1.02460753],\n",
       "       [ 1.01779049,  1.10572058,  1.44942608,  1.1122411 ],\n",
       "       [ 1.28820752,  1.11711491,  1.71581865,  1.55177992],\n",
       "       [ 1.43808695,  1.7712903 ,  1.904781  ,  1.68367899]])"
      ]
     },
     "execution_count": 99,
     "metadata": {},
     "output_type": "execute_result"
    }
   ],
   "source": [
    "np.sort(b, axis = 0)"
   ]
  },
  {
   "cell_type": "code",
   "execution_count": 100,
   "id": "d8d3a63d",
   "metadata": {},
   "outputs": [
    {
     "data": {
      "text/plain": [
       "array([[-1.75558083, -1.72862712, -0.27351928,  0.32444764],\n",
       "       [-0.63132058, -0.1632551 ,  0.89430148,  1.71581865],\n",
       "       [-1.03115481,  0.28632136,  0.84492259,  1.904781  ],\n",
       "       [-0.86753247,  0.1456443 ,  0.43020563,  1.11711491],\n",
       "       [-2.73737637, -0.69087206,  0.42085498,  0.97764269],\n",
       "       [-0.42379359,  0.12673989,  0.25967385,  1.68367899],\n",
       "       [-1.69962542, -1.3409285 , -1.02680203, -0.7458462 ],\n",
       "       [-1.36794295, -0.03439715,  0.94127207,  1.11810558],\n",
       "       [-1.83845848, -1.52896324, -0.54488604, -0.06052687],\n",
       "       [-0.90617184,  0.28398745,  0.40343476,  1.44942608],\n",
       "       [-0.76903993,  0.20576736,  1.19103163,  1.7712903 ],\n",
       "       [-0.63459474, -0.16591259,  0.55876575,  0.980544  ],\n",
       "       [-2.3001932 ,  0.42704467,  1.01779049,  1.43793811],\n",
       "       [-2.63335977, -0.94202067,  0.20269687,  0.44836963],\n",
       "       [-0.49308005, -0.25557966,  0.01953921,  1.28820752],\n",
       "       [-0.96138974, -0.60013995, -0.08166709,  0.90267632],\n",
       "       [-0.52314436, -0.01872124,  0.59379269,  1.55177992],\n",
       "       [-1.24179828, -1.17913308,  0.56622663,  1.1122411 ],\n",
       "       [-1.38539053,  0.287119  ,  0.91847919,  1.02460753],\n",
       "       [-0.99146226, -0.81999786, -0.06745456,  0.81493176],\n",
       "       [-1.61923389,  0.06777162,  0.28816047,  0.66455027],\n",
       "       [-0.67951152,  0.02302814,  0.66603638,  1.43808695],\n",
       "       [-1.22212284, -0.88886426,  0.22648709,  0.91665286],\n",
       "       [ 0.29931771,  0.48144067,  0.87327687,  1.39694762],\n",
       "       [ 0.43751411,  0.59957811,  0.98620581,  1.10572058]])"
      ]
     },
     "execution_count": 100,
     "metadata": {},
     "output_type": "execute_result"
    }
   ],
   "source": [
    "np.sort(b, axis = 1)"
   ]
  },
  {
   "cell_type": "code",
   "execution_count": null,
   "id": "20741f6e",
   "metadata": {},
   "outputs": [],
   "source": []
  }
 ],
 "metadata": {
  "kernelspec": {
   "display_name": "sci",
   "language": "python",
   "name": "python3"
  },
  "language_info": {
   "codemirror_mode": {
    "name": "ipython",
    "version": 3
   },
   "file_extension": ".py",
   "mimetype": "text/x-python",
   "name": "python",
   "nbconvert_exporter": "python",
   "pygments_lexer": "ipython3",
   "version": "3.13.2"
  }
 },
 "nbformat": 4,
 "nbformat_minor": 5
}
