{
 "cells": [
  {
   "cell_type": "markdown",
   "id": "7cfe9ef3",
   "metadata": {},
   "source": [
    "# Más Numpy y Scipy"
   ]
  },
  {
   "cell_type": "markdown",
   "id": "ecb2842f",
   "metadata": {},
   "source": [
    "## Importación de bibliotecas"
   ]
  },
  {
   "cell_type": "code",
   "execution_count": 27,
   "id": "095c8f28",
   "metadata": {},
   "outputs": [],
   "source": [
    "import numpy as np\n",
    "from scipy import linalg"
   ]
  },
  {
   "cell_type": "markdown",
   "id": "98d68d16",
   "metadata": {},
   "source": [
    "## Funciones de agregación"
   ]
  },
  {
   "cell_type": "markdown",
   "id": "60a7e899",
   "metadata": {},
   "source": [
    "### Sumatoria"
   ]
  },
  {
   "cell_type": "code",
   "execution_count": 28,
   "id": "f6156289",
   "metadata": {},
   "outputs": [
    {
     "data": {
      "text/plain": [
       "array([[  1.,   2.,   3.,   4.],\n",
       "       [  5.,   6.,   7.,   8.],\n",
       "       [  9.,  10.,  11.,  12.],\n",
       "       [ 13.,  14.,  15.,  16.],\n",
       "       [ 17.,  18.,  19.,  20.],\n",
       "       [ 21.,  22.,  23.,  24.],\n",
       "       [ 25.,  26.,  27.,  28.],\n",
       "       [ 29.,  30.,  31.,  32.],\n",
       "       [ 33.,  34.,  35.,  36.],\n",
       "       [ 37.,  38.,  39.,  40.],\n",
       "       [ 41.,  42.,  43.,  44.],\n",
       "       [ 45.,  46.,  47.,  48.],\n",
       "       [ 49.,  50.,  51.,  52.],\n",
       "       [ 53.,  54.,  55.,  56.],\n",
       "       [ 57.,  58.,  59.,  60.],\n",
       "       [ 61.,  62.,  63.,  64.],\n",
       "       [ 65.,  66.,  67.,  68.],\n",
       "       [ 69.,  70.,  71.,  72.],\n",
       "       [ 73.,  74.,  75.,  76.],\n",
       "       [ 77.,  78.,  79.,  80.],\n",
       "       [ 81.,  82.,  83.,  84.],\n",
       "       [ 85.,  86.,  87.,  88.],\n",
       "       [ 89.,  90.,  91.,  92.],\n",
       "       [ 93.,  94.,  95.,  96.],\n",
       "       [ 97.,  98.,  99., 100.]])"
      ]
     },
     "execution_count": 28,
     "metadata": {},
     "output_type": "execute_result"
    }
   ],
   "source": [
    "a = np.linspace(1, 100, 100).reshape((25, 4))\n",
    "a"
   ]
  },
  {
   "cell_type": "code",
   "execution_count": 29,
   "id": "f5343613",
   "metadata": {},
   "outputs": [
    {
     "data": {
      "text/plain": [
       "np.float64(5050.0)"
      ]
     },
     "execution_count": 29,
     "metadata": {},
     "output_type": "execute_result"
    }
   ],
   "source": [
    "a.sum()"
   ]
  },
  {
   "cell_type": "code",
   "execution_count": 30,
   "id": "e93f9ed6",
   "metadata": {},
   "outputs": [
    {
     "data": {
      "text/plain": [
       "array([1225., 1250., 1275., 1300.])"
      ]
     },
     "execution_count": 30,
     "metadata": {},
     "output_type": "execute_result"
    }
   ],
   "source": [
    "a.sum(axis = 0)"
   ]
  },
  {
   "cell_type": "code",
   "execution_count": 31,
   "id": "221ae79e",
   "metadata": {},
   "outputs": [
    {
     "data": {
      "text/plain": [
       "array([ 10.,  26.,  42.,  58.,  74.,  90., 106., 122., 138., 154., 170.,\n",
       "       186., 202., 218., 234., 250., 266., 282., 298., 314., 330., 346.,\n",
       "       362., 378., 394.])"
      ]
     },
     "execution_count": 31,
     "metadata": {},
     "output_type": "execute_result"
    }
   ],
   "source": [
    "a.sum(axis = 1)"
   ]
  },
  {
   "cell_type": "markdown",
   "id": "9475f3b3",
   "metadata": {},
   "source": [
    "### Promedio"
   ]
  },
  {
   "cell_type": "code",
   "execution_count": 32,
   "id": "def1a5f3",
   "metadata": {},
   "outputs": [
    {
     "data": {
      "text/plain": [
       "np.float64(50.5)"
      ]
     },
     "execution_count": 32,
     "metadata": {},
     "output_type": "execute_result"
    }
   ],
   "source": [
    "a.mean()"
   ]
  },
  {
   "cell_type": "code",
   "execution_count": 33,
   "id": "f10f4f9e",
   "metadata": {},
   "outputs": [
    {
     "data": {
      "text/plain": [
       "array([49., 50., 51., 52.])"
      ]
     },
     "execution_count": 33,
     "metadata": {},
     "output_type": "execute_result"
    }
   ],
   "source": [
    "a.mean(axis = 0)"
   ]
  },
  {
   "cell_type": "code",
   "execution_count": 34,
   "id": "13cabb10",
   "metadata": {},
   "outputs": [
    {
     "data": {
      "text/plain": [
       "array([ 2.5,  6.5, 10.5, 14.5, 18.5, 22.5, 26.5, 30.5, 34.5, 38.5, 42.5,\n",
       "       46.5, 50.5, 54.5, 58.5, 62.5, 66.5, 70.5, 74.5, 78.5, 82.5, 86.5,\n",
       "       90.5, 94.5, 98.5])"
      ]
     },
     "execution_count": 34,
     "metadata": {},
     "output_type": "execute_result"
    }
   ],
   "source": [
    "a.mean(axis = 1)"
   ]
  },
  {
   "cell_type": "markdown",
   "id": "9ce299da",
   "metadata": {},
   "source": [
    "### Desviación estándar"
   ]
  },
  {
   "cell_type": "code",
   "execution_count": 35,
   "id": "000b6c71",
   "metadata": {},
   "outputs": [
    {
     "data": {
      "text/plain": [
       "np.float64(28.86607004772212)"
      ]
     },
     "execution_count": 35,
     "metadata": {},
     "output_type": "execute_result"
    }
   ],
   "source": [
    "a.std()"
   ]
  },
  {
   "cell_type": "code",
   "execution_count": 36,
   "id": "b490bac4",
   "metadata": {},
   "outputs": [
    {
     "data": {
      "text/plain": [
       "array([28.8444102, 28.8444102, 28.8444102, 28.8444102])"
      ]
     },
     "execution_count": 36,
     "metadata": {},
     "output_type": "execute_result"
    }
   ],
   "source": [
    "a.std(axis = 0)"
   ]
  },
  {
   "cell_type": "code",
   "execution_count": 37,
   "id": "775301a6",
   "metadata": {},
   "outputs": [
    {
     "data": {
      "text/plain": [
       "array([1.11803399, 1.11803399, 1.11803399, 1.11803399, 1.11803399,\n",
       "       1.11803399, 1.11803399, 1.11803399, 1.11803399, 1.11803399,\n",
       "       1.11803399, 1.11803399, 1.11803399, 1.11803399, 1.11803399,\n",
       "       1.11803399, 1.11803399, 1.11803399, 1.11803399, 1.11803399,\n",
       "       1.11803399, 1.11803399, 1.11803399, 1.11803399, 1.11803399])"
      ]
     },
     "execution_count": 37,
     "metadata": {},
     "output_type": "execute_result"
    }
   ],
   "source": [
    "a.std(axis = 1)"
   ]
  },
  {
   "cell_type": "markdown",
   "id": "9ebc637d",
   "metadata": {},
   "source": [
    "### Varianza"
   ]
  },
  {
   "cell_type": "code",
   "execution_count": 38,
   "id": "12860be7",
   "metadata": {},
   "outputs": [
    {
     "data": {
      "text/plain": [
       "np.float64(833.25)"
      ]
     },
     "execution_count": 38,
     "metadata": {},
     "output_type": "execute_result"
    }
   ],
   "source": [
    "a.var()"
   ]
  },
  {
   "cell_type": "code",
   "execution_count": 39,
   "id": "62f5d38b",
   "metadata": {},
   "outputs": [
    {
     "data": {
      "text/plain": [
       "array([832., 832., 832., 832.])"
      ]
     },
     "execution_count": 39,
     "metadata": {},
     "output_type": "execute_result"
    }
   ],
   "source": [
    "a.var(axis = 0)"
   ]
  },
  {
   "cell_type": "code",
   "execution_count": 40,
   "id": "a342ccd7",
   "metadata": {},
   "outputs": [
    {
     "data": {
      "text/plain": [
       "array([1.25, 1.25, 1.25, 1.25, 1.25, 1.25, 1.25, 1.25, 1.25, 1.25, 1.25,\n",
       "       1.25, 1.25, 1.25, 1.25, 1.25, 1.25, 1.25, 1.25, 1.25, 1.25, 1.25,\n",
       "       1.25, 1.25, 1.25])"
      ]
     },
     "execution_count": 40,
     "metadata": {},
     "output_type": "execute_result"
    }
   ],
   "source": [
    "a.var(axis = 1)"
   ]
  },
  {
   "cell_type": "markdown",
   "id": "e275e9ea",
   "metadata": {},
   "source": [
    "### Valor máximo"
   ]
  },
  {
   "cell_type": "code",
   "execution_count": 41,
   "id": "3585c8be",
   "metadata": {},
   "outputs": [],
   "source": [
    "np.random.seed(50)"
   ]
  },
  {
   "cell_type": "code",
   "execution_count": 42,
   "id": "f6f40222",
   "metadata": {},
   "outputs": [
    {
     "data": {
      "text/plain": [
       "array([[-1.56035211, -0.0309776 , -0.62092842, -1.46458049],\n",
       "       [ 1.41194612, -0.47673214, -0.78046921,  1.07026774],\n",
       "       [-1.2822926 , -1.3274789 ,  0.12633764,  0.86219372],\n",
       "       [ 0.69673696, -0.33456518, -0.99752606,  1.59890829],\n",
       "       [ 3.31407535,  0.98777046,  0.12386626,  0.74278539],\n",
       "       [-0.39395585,  0.14811582, -0.41223445, -0.16071506],\n",
       "       [ 0.13953147,  0.28546937, -0.28126199,  1.71090732],\n",
       "       [-0.14976664,  0.69030672,  1.09520951,  1.3384087 ],\n",
       "       [-1.36898167,  0.48642763,  0.75352168,  0.36346459],\n",
       "       [-0.31471048,  1.37328117, -0.62441716,  0.375754  ],\n",
       "       [-0.20041632,  0.74303806,  0.85736196, -1.50618929],\n",
       "       [-1.66635217, -0.2189948 , -0.35885843,  0.37852769],\n",
       "       [ 0.68421537, -1.16785607, -0.79321662, -0.0388354 ],\n",
       "       [ 2.70525499, -1.49138851,  0.09597793,  0.52468671],\n",
       "       [ 0.8156655 ,  0.0515058 , -0.16455536,  0.27819942],\n",
       "       [ 0.0871147 ,  0.03426837,  0.74656892, -0.94363758],\n",
       "       [-0.24577667,  1.10812096,  0.03900789, -0.21326669],\n",
       "       [-0.89095461, -0.27064634,  0.22224372,  0.2518136 ],\n",
       "       [ 0.70792609,  0.49398983,  1.47100167, -0.58261947],\n",
       "       [ 2.06581949,  1.08783389,  0.80518904, -1.58788484],\n",
       "       [ 1.2308855 , -2.37345338, -0.03111097, -3.80989038],\n",
       "       [-0.19904969,  0.35043074, -0.05255078, -0.63428108],\n",
       "       [-0.36293111, -2.57091976,  0.13751474, -0.71929619],\n",
       "       [ 0.72852289,  1.62174549,  1.52166225, -1.30677343],\n",
       "       [-0.8897683 ,  0.00526774,  0.86642487, -0.53553558]])"
      ]
     },
     "execution_count": 42,
     "metadata": {},
     "output_type": "execute_result"
    }
   ],
   "source": [
    "b = np.random.normal(0, 1, 100).reshape((25, 4))\n",
    "b"
   ]
  },
  {
   "cell_type": "code",
   "execution_count": 43,
   "id": "5fc2ae26",
   "metadata": {},
   "outputs": [
    {
     "data": {
      "text/plain": [
       "np.float64(3.3140753455120797)"
      ]
     },
     "execution_count": 43,
     "metadata": {},
     "output_type": "execute_result"
    }
   ],
   "source": [
    "b.max()"
   ]
  },
  {
   "cell_type": "code",
   "execution_count": 44,
   "id": "6c30e860",
   "metadata": {},
   "outputs": [
    {
     "data": {
      "text/plain": [
       "array([3.31407535, 1.62174549, 1.52166225, 1.71090732])"
      ]
     },
     "execution_count": 44,
     "metadata": {},
     "output_type": "execute_result"
    }
   ],
   "source": [
    "b.max(axis = 0)"
   ]
  },
  {
   "cell_type": "code",
   "execution_count": 45,
   "id": "86a66faf",
   "metadata": {},
   "outputs": [
    {
     "data": {
      "text/plain": [
       "array([-0.0309776 ,  1.41194612,  0.86219372,  1.59890829,  3.31407535,\n",
       "        0.14811582,  1.71090732,  1.3384087 ,  0.75352168,  1.37328117,\n",
       "        0.85736196,  0.37852769,  0.68421537,  2.70525499,  0.8156655 ,\n",
       "        0.74656892,  1.10812096,  0.2518136 ,  1.47100167,  2.06581949,\n",
       "        1.2308855 ,  0.35043074,  0.13751474,  1.62174549,  0.86642487])"
      ]
     },
     "execution_count": 45,
     "metadata": {},
     "output_type": "execute_result"
    }
   ],
   "source": [
    "b.max(axis = 1)"
   ]
  },
  {
   "cell_type": "markdown",
   "id": "77ad27a2",
   "metadata": {},
   "source": [
    "### Valor mínimo"
   ]
  },
  {
   "cell_type": "code",
   "execution_count": 46,
   "id": "42a35c85",
   "metadata": {},
   "outputs": [
    {
     "data": {
      "text/plain": [
       "np.float64(-3.809890377851563)"
      ]
     },
     "execution_count": 46,
     "metadata": {},
     "output_type": "execute_result"
    }
   ],
   "source": [
    "b.min()"
   ]
  },
  {
   "cell_type": "code",
   "execution_count": 47,
   "id": "1cebb548",
   "metadata": {},
   "outputs": [
    {
     "data": {
      "text/plain": [
       "array([-1.66635217, -2.57091976, -0.99752606, -3.80989038])"
      ]
     },
     "execution_count": 47,
     "metadata": {},
     "output_type": "execute_result"
    }
   ],
   "source": [
    "b.min(axis = 0)"
   ]
  },
  {
   "cell_type": "code",
   "execution_count": 48,
   "id": "6131c9af",
   "metadata": {},
   "outputs": [
    {
     "data": {
      "text/plain": [
       "array([-1.56035211, -0.78046921, -1.3274789 , -0.99752606,  0.12386626,\n",
       "       -0.41223445, -0.28126199, -0.14976664, -1.36898167, -0.62441716,\n",
       "       -1.50618929, -1.66635217, -1.16785607, -1.49138851, -0.16455536,\n",
       "       -0.94363758, -0.24577667, -0.89095461, -0.58261947, -1.58788484,\n",
       "       -3.80989038, -0.63428108, -2.57091976, -1.30677343, -0.8897683 ])"
      ]
     },
     "execution_count": 48,
     "metadata": {},
     "output_type": "execute_result"
    }
   ],
   "source": [
    "b.min(axis = 1)"
   ]
  },
  {
   "cell_type": "markdown",
   "id": "08269fff",
   "metadata": {},
   "source": [
    "## Ordenar un arreglo"
   ]
  },
  {
   "cell_type": "code",
   "execution_count": 49,
   "id": "376a3b94",
   "metadata": {},
   "outputs": [
    {
     "data": {
      "text/plain": [
       "array([-1.56035211, -0.0309776 , -0.62092842, -1.46458049,  1.41194612,\n",
       "       -0.47673214, -0.78046921,  1.07026774, -1.2822926 , -1.3274789 ,\n",
       "        0.12633764,  0.86219372,  0.69673696, -0.33456518, -0.99752606,\n",
       "        1.59890829,  3.31407535,  0.98777046,  0.12386626,  0.74278539,\n",
       "       -0.39395585,  0.14811582, -0.41223445, -0.16071506,  0.13953147,\n",
       "        0.28546937, -0.28126199,  1.71090732, -0.14976664,  0.69030672,\n",
       "        1.09520951,  1.3384087 , -1.36898167,  0.48642763,  0.75352168,\n",
       "        0.36346459, -0.31471048,  1.37328117, -0.62441716,  0.375754  ,\n",
       "       -0.20041632,  0.74303806,  0.85736196, -1.50618929, -1.66635217,\n",
       "       -0.2189948 , -0.35885843,  0.37852769,  0.68421537, -1.16785607,\n",
       "       -0.79321662, -0.0388354 ,  2.70525499, -1.49138851,  0.09597793,\n",
       "        0.52468671,  0.8156655 ,  0.0515058 , -0.16455536,  0.27819942,\n",
       "        0.0871147 ,  0.03426837,  0.74656892, -0.94363758, -0.24577667,\n",
       "        1.10812096,  0.03900789, -0.21326669, -0.89095461, -0.27064634,\n",
       "        0.22224372,  0.2518136 ,  0.70792609,  0.49398983,  1.47100167,\n",
       "       -0.58261947,  2.06581949,  1.08783389,  0.80518904, -1.58788484,\n",
       "        1.2308855 , -2.37345338, -0.03111097, -3.80989038, -0.19904969,\n",
       "        0.35043074, -0.05255078, -0.63428108, -0.36293111, -2.57091976,\n",
       "        0.13751474, -0.71929619,  0.72852289,  1.62174549,  1.52166225,\n",
       "       -1.30677343, -0.8897683 ,  0.00526774,  0.86642487, -0.53553558])"
      ]
     },
     "execution_count": 49,
     "metadata": {},
     "output_type": "execute_result"
    }
   ],
   "source": [
    "b.ravel()"
   ]
  },
  {
   "cell_type": "code",
   "execution_count": 63,
   "id": "62a6937a",
   "metadata": {},
   "outputs": [
    {
     "data": {
      "text/plain": [
       "array([-3.80989038, -2.57091976, -2.37345338, -1.66635217, -1.58788484,\n",
       "       -1.56035211, -1.50618929, -1.49138851, -1.46458049, -1.36898167,\n",
       "       -1.3274789 , -1.30677343, -1.2822926 , -1.16785607, -0.99752606,\n",
       "       -0.94363758, -0.89095461, -0.8897683 , -0.79321662, -0.78046921,\n",
       "       -0.71929619, -0.63428108, -0.62441716, -0.62092842, -0.58261947,\n",
       "       -0.53553558, -0.47673214, -0.41223445, -0.39395585, -0.36293111,\n",
       "       -0.35885843, -0.33456518, -0.31471048, -0.28126199, -0.27064634,\n",
       "       -0.24577667, -0.2189948 , -0.21326669, -0.20041632, -0.19904969,\n",
       "       -0.16455536, -0.16071506, -0.14976664, -0.05255078, -0.0388354 ,\n",
       "       -0.03111097, -0.0309776 ,  0.00526774,  0.03426837,  0.03900789,\n",
       "        0.0515058 ,  0.0871147 ,  0.09597793,  0.12386626,  0.12633764,\n",
       "        0.13751474,  0.13953147,  0.14811582,  0.22224372,  0.2518136 ,\n",
       "        0.27819942,  0.28546937,  0.35043074,  0.36346459,  0.375754  ,\n",
       "        0.37852769,  0.48642763,  0.49398983,  0.52468671,  0.68421537,\n",
       "        0.69030672,  0.69673696,  0.70792609,  0.72852289,  0.74278539,\n",
       "        0.74303806,  0.74656892,  0.75352168,  0.80518904,  0.8156655 ,\n",
       "        0.85736196,  0.86219372,  0.86642487,  0.98777046,  1.07026774,\n",
       "        1.08783389,  1.09520951,  1.10812096,  1.2308855 ,  1.3384087 ,\n",
       "        1.37328117,  1.41194612,  1.47100167,  1.52166225,  1.59890829,\n",
       "        1.62174549,  1.71090732,  2.06581949,  2.70525499,  3.31407535])"
      ]
     },
     "execution_count": 63,
     "metadata": {},
     "output_type": "execute_result"
    }
   ],
   "source": [
    "np.sort(b.ravel())"
   ]
  },
  {
   "cell_type": "code",
   "execution_count": 64,
   "id": "5e344968",
   "metadata": {},
   "outputs": [
    {
     "data": {
      "text/plain": [
       "array([[-1.66635217, -2.57091976, -0.99752606, -3.80989038],\n",
       "       [-1.56035211, -2.37345338, -0.79321662, -1.58788484],\n",
       "       [-1.36898167, -1.49138851, -0.78046921, -1.50618929],\n",
       "       [-1.2822926 , -1.3274789 , -0.62441716, -1.46458049],\n",
       "       [-0.89095461, -1.16785607, -0.62092842, -1.30677343],\n",
       "       [-0.8897683 , -0.47673214, -0.41223445, -0.94363758],\n",
       "       [-0.39395585, -0.33456518, -0.35885843, -0.71929619],\n",
       "       [-0.36293111, -0.27064634, -0.28126199, -0.63428108],\n",
       "       [-0.31471048, -0.2189948 , -0.16455536, -0.58261947],\n",
       "       [-0.24577667, -0.0309776 , -0.05255078, -0.53553558],\n",
       "       [-0.20041632,  0.00526774, -0.03111097, -0.21326669],\n",
       "       [-0.19904969,  0.03426837,  0.03900789, -0.16071506],\n",
       "       [-0.14976664,  0.0515058 ,  0.09597793, -0.0388354 ],\n",
       "       [ 0.0871147 ,  0.14811582,  0.12386626,  0.2518136 ],\n",
       "       [ 0.13953147,  0.28546937,  0.12633764,  0.27819942],\n",
       "       [ 0.68421537,  0.35043074,  0.13751474,  0.36346459],\n",
       "       [ 0.69673696,  0.48642763,  0.22224372,  0.375754  ],\n",
       "       [ 0.70792609,  0.49398983,  0.74656892,  0.37852769],\n",
       "       [ 0.72852289,  0.69030672,  0.75352168,  0.52468671],\n",
       "       [ 0.8156655 ,  0.74303806,  0.80518904,  0.74278539],\n",
       "       [ 1.2308855 ,  0.98777046,  0.85736196,  0.86219372],\n",
       "       [ 1.41194612,  1.08783389,  0.86642487,  1.07026774],\n",
       "       [ 2.06581949,  1.10812096,  1.09520951,  1.3384087 ],\n",
       "       [ 2.70525499,  1.37328117,  1.47100167,  1.59890829],\n",
       "       [ 3.31407535,  1.62174549,  1.52166225,  1.71090732]])"
      ]
     },
     "execution_count": 64,
     "metadata": {},
     "output_type": "execute_result"
    }
   ],
   "source": [
    "np.sort(b, axis = 0)"
   ]
  },
  {
   "cell_type": "code",
   "execution_count": 65,
   "id": "d8d3a63d",
   "metadata": {},
   "outputs": [
    {
     "data": {
      "text/plain": [
       "array([[-1.56035211, -1.46458049, -0.62092842, -0.0309776 ],\n",
       "       [-0.78046921, -0.47673214,  1.07026774,  1.41194612],\n",
       "       [-1.3274789 , -1.2822926 ,  0.12633764,  0.86219372],\n",
       "       [-0.99752606, -0.33456518,  0.69673696,  1.59890829],\n",
       "       [ 0.12386626,  0.74278539,  0.98777046,  3.31407535],\n",
       "       [-0.41223445, -0.39395585, -0.16071506,  0.14811582],\n",
       "       [-0.28126199,  0.13953147,  0.28546937,  1.71090732],\n",
       "       [-0.14976664,  0.69030672,  1.09520951,  1.3384087 ],\n",
       "       [-1.36898167,  0.36346459,  0.48642763,  0.75352168],\n",
       "       [-0.62441716, -0.31471048,  0.375754  ,  1.37328117],\n",
       "       [-1.50618929, -0.20041632,  0.74303806,  0.85736196],\n",
       "       [-1.66635217, -0.35885843, -0.2189948 ,  0.37852769],\n",
       "       [-1.16785607, -0.79321662, -0.0388354 ,  0.68421537],\n",
       "       [-1.49138851,  0.09597793,  0.52468671,  2.70525499],\n",
       "       [-0.16455536,  0.0515058 ,  0.27819942,  0.8156655 ],\n",
       "       [-0.94363758,  0.03426837,  0.0871147 ,  0.74656892],\n",
       "       [-0.24577667, -0.21326669,  0.03900789,  1.10812096],\n",
       "       [-0.89095461, -0.27064634,  0.22224372,  0.2518136 ],\n",
       "       [-0.58261947,  0.49398983,  0.70792609,  1.47100167],\n",
       "       [-1.58788484,  0.80518904,  1.08783389,  2.06581949],\n",
       "       [-3.80989038, -2.37345338, -0.03111097,  1.2308855 ],\n",
       "       [-0.63428108, -0.19904969, -0.05255078,  0.35043074],\n",
       "       [-2.57091976, -0.71929619, -0.36293111,  0.13751474],\n",
       "       [-1.30677343,  0.72852289,  1.52166225,  1.62174549],\n",
       "       [-0.8897683 , -0.53553558,  0.00526774,  0.86642487]])"
      ]
     },
     "execution_count": 65,
     "metadata": {},
     "output_type": "execute_result"
    }
   ],
   "source": [
    "np.sort(b, axis = 1)"
   ]
  }
 ],
 "metadata": {
  "kernelspec": {
   "display_name": "sci",
   "language": "python",
   "name": "python3"
  },
  "language_info": {
   "codemirror_mode": {
    "name": "ipython",
    "version": 3
   },
   "file_extension": ".py",
   "mimetype": "text/x-python",
   "name": "python",
   "nbconvert_exporter": "python",
   "pygments_lexer": "ipython3",
   "version": "3.13.2"
  }
 },
 "nbformat": 4,
 "nbformat_minor": 5
}
